0 508.11 593.82 578.13 604.75 761.75 754.75 795.79 812.16 871.11 974.88 1003.73
1 487.31 536.19 520.82 569.54 761.96 750.05 826.99 814 853.24 952.16 974.24
2 499.54 584.45 542.77 644.07 724.35 770.52 834.49 783.28 879.39 893.19 987.02
3 474.7 559.57 530.16 682.85 686.48 704.3 792.47 872.91 929.1 923.9 955.3
4 424.6 527.85 602.5 665.44 683.48 781.99 828.84 805.26 921.25 937.65 943.13
5 437.72 438.34 630.13 630.31 713.63 749.84 816.3 784.58 892.92 971.21 1034.91
6 429.43 517.11 578.05 580.67 729.62 762.01 777.6 822.35 829.18 846.86 1066.84
7 486.71 548.64 529.11 621.4 698.95 741.77 752.14 815.38 850.76 950.82 981.15
8 466.68 517.46 614.3 619.42 688.35 744.54 829.74 815.84 877.23 959.66 907.41
9 491.45 525.98 567.56 608.69 684.84 720.29 789.58 773.27 879.05 884.09 935.39
10 412.52 525.98 545.02 645.16 685.45 760.09 789.22 794.64 887.23 902.33 990.32
11 431.07 538.04 598 612.57 659.27 753.38 794.31 817.32 871.54 955.39 976.74
12 412.52 519.87 561.98 586.84 699.53 747 747.09 740.43 869.21 980.89 955.46
13 360.26 495.86 530.31 634.98 695.43 733.17 803.93 813.62 748 906.78 1011.41
14 444.75 540.62 498.48 612.84 728.01 725 792.12 816.14 834.98 901.22 993.92
15 476.61 515.45 575.67 583.51 656.81 678.6 731.32 762.18 864.95 902.93 980.47
16 486.12 545.19 557.85 592.58 628.81 752.73 788.56 751.21 841.62 896.34 960.27
17 414.54 492.68 539.72 650.07 656.7 751.01 734.62 813.83 861.36 888.38 984.64
18 428.87 481.29 509.99 593.33 664.12 737.01 761.14 764.28 874.58 922.09 980.31
19 412.52 522.26 474.19 606.33 675.33 751.88 790.74 736.71 754.57 895.61 944.27
20 416.92 468.82 531.74 607.06 652.29 751.03 779.81 836.78 822.92 953.15 937.33
21 423.88 537.53 562.02 581.95 700.56 684.45 736.46 787.71 841.76 778.4 967.7
22 464.63 494.97 530.54 586.85 652.81 636.05 731.56 762.76 802.67 892.6 941.02
23 449.62 528.18 543.52 619.56 599.95 736.2 746.77 730.64 828.02 866.41 951.22
24 395.56 479.19 562.37 660.3 662.34 731.53 702.24 763.6 813.79 872.11 967.44
25 360.26 463.34 571.96 587.71 639.78 715.35 736.04 804.26 817.16 863.51 927.26
26 360.26 498.79 547.18 519.29 629.96 696.68 773.57 786.59 818.84 936.21 971.1
27 395.56 450.04 505 550.44 707.83 685.24 764.93 815.03 841.65 906.01 894.46
28 423.88 542.69 510.28 553.28 664.85 639.28 722.71 795.62 820.19 775.39 876.71
29 457.3 512.08 516.63 553.3 631.31 631.65 764 815.09 800.92 829.69 952.1
30 444.75 491.98 499.31 567.92 652.45 711.46 729.02 787.23 804.29 860.85 920.94
31 395.56 481.29 546.62 579.97 619.72 695.88 735.51 766.32 835.53 856.28 947.58
32 360.26 441.58 534.11 551.15 603.11 678.68 761.6 785.68 787.59 855.91 825.59
33 396.87 469.11 531.05 560.98 634.72 649.68 754.72 758.2 805.5 884.54 911.93
34 396.87 434.2 517.75 597.5 626.35 671.49 731.56 776.63 795.74 876.61 910.39
35 455.97 557.94 567.08 632.34 635.03 713.04 773.15 834.02 875.01 944.99 993.37
36 487.29 546.14 559.84 609.54 762.66 743.1 750.75 835.15 833.69 955.34 1005.57
37 476.11 496.3 546.53 626.44 654.67 789.84 762.49 760.44 881.05 927.41 948.4
38 413.34 487.93 608.97 641.2 707.19 693.27 801.2 842.99 830.57 876.12 961.09
39 396.87 452.4 574.19 605.03 687.15 725.77 771.22 752.55 902.33 907.85 1009.88
40 406.9 534.56 587.45 606.61 715.32 778.97 798.23 796.89 871.17 933.59 956.06
41 437.72 516.04 577.87 627.87 718.5 732.47 781.04 826.84 887.61 918.08 961.78
42 502.36 568.29 492.56 609.24 652.07 755.47 792.21 704.39 915.3 895.6 944.24
43 423.88 479.14 548.94 604.72 661.12 737.97 766.1 814.26 873.77 869.89 931.8
44 444.75 497.82 548.89 630.99 681.68 749.77 778.63 830.41 878.99 903.57 990.83
45 431.56 506.52 584.74 592.71 638.73 635.06 784.19 812.5 890.53 955.32 1020.36
46 417.39 523.1 539.18 566.12 684.76 641.31 754.83 786.53 843.34 909.45 981.37
47 429.56 505.53 596.25 612.4 678.05 730.14 749.34 796.45 883.39 917.31 950.64
48 429.58 496.3 567.19 620.57 703.89 694.07 725.23 803.12 844.92 886.45 902.31
49 438.14 485.83 536.58 579.89 710.59 718.09 776.54 821.42 810.54 845.5 916.63
50 464.63 543.79 542.45 592.74 667.27 656.99 752 715.27 866.4 874.04 969.8
51 441.69 485 575.04 605.09 682.21 764.8 734.84 789.93 823.49 879.95 903.01
52 396.71 518.95 541.91 654.18 628.39 707.93 701.79 813.54 843.96 844.75 942.6
53 416.92 475.75 547.33 607.46 647 705.04 781.29 762.89 813.53 867.37 916.37
54 428.7 490.4 550.82 598.43 669.47 705.68 735.9 814.31 832.6 841.36 958.82
55 414.54 454.48 541.51 595.04 692.22 651.71 769.44 798.28 848.96 904.01 967.71
56 455.24 441.89 532.13 574.8 661.66 687.8 780.52 743.11 886.35 821.18 949.74
57 455.24 518.6 564.04 577.04 622.73 653.32 755.41 768.28 854.35 836.01 953.42
58 452.54 527.95 537.03 599.49 664.05 728.67 732.45 776.53 856.37 849.12 952.41
59 412.52 438.34 510.78 588.56 654.89 681.97 721.23 753.43 838.74 889.12 933.23
60 396.87 461.49 530.31 582.46 609.29 691.14 738.41 789.53 803.41 864.22 996.29
61 360.26 469.11 504.04 552.81 656.67 717.62 777.28 813.47 818.95 915.51 891.07
62 360.26 449.67 512.25 544.66 656.6 702.71 715.25 800.77 833.77 883.1 887.45
63 423.88 493.24 501.4 579.65 675.84 678.09 722.5 767.06 814.24 796.97 935.03
64 423.88 497.82 469.52 522.4 658.5 670.88 721.35 767.79 790.24 852.41 980.6
65 441.69 537.29 528.57 628.41 630.51 699.05 752.2 776.2 764.54 852.28 823.77
66 360.26 461.49 489.61 613.34 614.31 637.69 732.7 751.41 803.45 841.29 943.24
67 360.26 453.81 535.42 520.81 611.13 653.94 744.43 722.43 776.69 857.39 936.21
68 396.71 481.7 497.1 563.27 599.55 653.56 734.22 684.54 793.85 854.5 914.89
69 360.26 461.49 533.28 564.7 639.65 706.04 748.64 738.27 788.26 814.8 923.51
70 466.68 484.42 619.24 571.06 722.94 754.57 759.97 820.64 886.63 910.96 942.05
71 475.79 567.75 588.71 541.5 710.6 711.11 762.32 817.06 837.48 944.65 975.24
72 452.54 497.76 536.54 647.46 667.64 744.67 822.28 812.24 910.44 939.31 1017.93
73 428.7 461.49 542.45 607.21 661.65 774.05 800.29 816.67 891.37 869.49 958.09
74 414.32 506.95 566.89 610.17 661.2 748.05 725 802.32 837.44 908.91 1013.3
75 429.43 497.76 557.57 640.84 717.03 670.7 802.48 810.61 871.88 900.35 938.47
76 412.52 443.14 586.81 628.54 701.26 755.28 826.38 846.84 850.69 965.74 862.22
77 423.88 569.34 504.92 593.7 739.79 722.47 789 782.69 847.55 911.6 924.16
78 438.14 537.29 544.58 610.04 667.96 771.09 770.76 742.4 826.39 870.35 1001.05
79 466.1 555.91 536.02 654.24 653.94 725.08 740.98 829.41 866.36 902.71 947.2
80 432.35 484.42 558.52 591.92 667.85 710.27 715.62 784.01 833.54 905.74 927.84
81 413.34 459.35 600.17 594.17 672.13 753.93 742.7 774.62 810.16 863.6 944.97
82 424.39 479.14 556.48 623.61 656.35 730.65 749.16 758.1 811.06 881.24 956.62
83 417.39 501.74 608.43 596.3 681.21 731.54 689.99 789.39 815.49 859.61 921.82
84 466.1 502.82 519.33 585.38 681.99 699.78 760.23 794.41 854.67 853.26 978.8
85 423.88 441.89 524.12 568.78 642.28 709.9 776.82 785.13 874.75 870.71 932.13
86 452.54 524.28 476.03 527.01 665.68 742.89 755.67 806.71 831.14 886.37 862.2
87 396.71 505.68 556.34 644.01 627.45 709.14 750.4 795.51 865.72 860.05 917.81
88 430.14 470.47 522.08 566.39 653.12 722.85 684.57 730.01 796.22 868.01 995.61
89 360.26 494.36 560.5 562.96 647 704.51 742.38 760.38 804.22 914.61 953.81
90 424.39 495.37 559.59 587.93 632 736.56 740.2 747.2 855.37 926.6 926.7
91 423.88 510.2 524.84 543.73 680.68 702.94 687.07 785.2 829.37 841.61 940.42
92 463.88 518.27 512.88 558.71 629.5 693.12 727.21 763.91 811.13 871.02 923.69
93 438.14 535.16 578.93 534.41 622.94 707.19 710.91 769.05 813.57 896.41 861.05
94 360.26 461.49 521.05 526.92 650.67 671.36 695.57 792.49 821.78 872.45 956.69
95 360.26 506.52 561.86 548 614.28 702.93 763.02 737.9 837.08 880.89 934.34
96 396.87 472.43 520.45 569.72 627.71 664.86 757.85 735.03 843.35 854.92 876.96
97 360.26 438.34 538.84 562.18 655.07 667.8 761.56 770.59 830.25 857.44 922.28
98 452.54 517.33 525.68 573.87 660.18 648.55 719.94 731.38 832.09 892.26 878.51
99 438.14 438.34 501.08 561.05 623.32 703.16 689.36 771.04 791.06 863.98 932.69
100 441.69 515.45 516.8 513.45 638.95 714.64 735.26 768.17 833.42 860.34 854.62
101 360.26 455.53 502.86 544.8 638.36 668.47 700.29 751.3 769.75 829.03 941.03
102 402.46 455.53 540.76 559.59 610.48 686.49 702.12 732.36 725.05 832.88 873.46
103 395.56 483.33 527.57 544.45 638.07 697.35 688.54 781.17 800.64 852.91 908.37
104 360.26 463.34 510.93 544.41 603.65 658.72 733.99 773.55 801.91 871.16 898.13
105 475.79 566.05 522.04 630.2 728.86 744.81 789.26 827.55 909.82 911.79 938.83
106 508.41 523.73 555.85 595.61 733.46 684.9 787.8 807.42 895.65 958.56 968.84
107 423.88 508.08 602.02 636.08 697.13 714.83 731.47 819.67 794.02 869.16 880.96
108 416.92 506.52 558.79 625.34 671.53 709.79 796.78 818.16 848.19 913.33 999.75
109 428.7 494.58 509.59 547.4 679.17 753.96 757.81 824.29 858.74 890.42 993.31
110 360.26 487.93 579.69 670.24 663.53 756.26 779.77 814.34 840.81 904.84 960.07
111 437.18 461.49 529.57 580.68 702.93 766.43 811.63 808.22 838.28 911.85 975.8
112 479.14 486.65 580.73 590.96 688.75 720.17 769.52 797.68 752.91 899.24 987.3
113 438.14 494.36 550.2 580.79 676.83 682.95 766.92 778.32 858.74 915.53 956.55
114 485.95 491.98 511.76 664.24 670.2 688.29 781.04 760.83 823.84 916.09 956.38
115 414.32 498.79 490.48 621.81 663.9 728.12 691.87 821.8 836.12 868.57 958.01
116 360.26 502.09 581.67 601.14 653.52 734.77 743.76 794.45 827.18 845.29 949.83
117 416.92 480.8 567.61 577.32 694.67 714 779.79 784.37 829.86 844.27 958.68
118 360.26 518.71 539.18 558.92 669.61 692.5 743.51 787.34 864.55 900.96 915.57
119 441.69 529.57 525.1 589.87 717.13 691.26 712.41 777.58 796.42 752.46 931.35
120 438.14 500.12 531.05 587.05 668.54 675.17 738 735.53 828.33 837.65 968.16
121 463.88 497.48 462.39 587.29 666.57 671.1 750.02 758.08 831.62 812 943.19
122 395.56 484.42 524.4 630.27 624.91 676.41 699.68 775.24 830.21 866.38 925.28
123 396.71 449.67 558.09 615.6 593.79 664.85 770.02 738.3 825.78 851.49 895.95
124 360.26 429.62 506.33 550.37 642.25 708.26 735.95 722.07 813.28 814.14 919.27
125 413.34 483.24 510.78 593.71 654.4 730.15 751.77 798.38 795.47 906.59 967.39
126 423.88 527.72 537.65 581.56 671.41 688.06 708.64 757.41 809.89 853.06 960.83
127 457.3 526.07 542.26 534.4 600.6 682.24 730.75 775.28 847.99 874.48 926.34
128 464.68 512.08 585.89 594.66 589.43 666.89 670.23 767.64 817.88 833.15 959.26
129 396.87 490.4 506.85 633.92 618.65 706.8 703.7 760.05 820.14 809.59 917.7
130 360.26 470.81 497.1 562.18 633.16 724.58 728.14 749.33 823.67 834.31 945.46
131 360.26 489.77 567.82 576.74 617.23 639.11 741.79 756.04 794.09 889.17 876.64
132 360.26 485 521.5 565.52 617.03 644.61 728.93 714.52 811.35 862.01 888.44
133 423.88 455.53 469.52 555.93 678.18 673.45 746.28 746.76 826.74 803.15 915.05
134 423.88 464.13 474.19 543.61 584.28 700.94 715.98 720.58 775.87 864.62 881.65
135 423.88 505.2 520.82 556.99 628.39 689.3 721.01 694.13 827.71 797.41 868.47
136 395.56 452.4 516.8 530.12 655.08 710.05 735.49 701.98 825.09 871.79 893.35
137 360.26 464.13 468.02 568.66 597.42 647.23 698.05 709.31 782.02 849.35 867.18
138 360.26 472.06 523.58 542.22 625.73 671.54 683.14 715.94 772.53 868.91 884.03
139 395.56 472.43 523.97 541.11 668.54 686 756.43 727.06 772.14 866.76 888.09
140 452.54 585.6 541.9 602.88 692.72 716.31 793.42 818.27 838.84 939.46 985.26
141 438.14 511.13 532.52 608.23 643.04 669.19 735.43 820.29 889.85 889.37 1048.09
142 455.24 540.84 567.65 566.49 681.82 780.32 758.57 825.78 825.57 903.99 975.73
143 412.52 523.79 498.62 641.86 636.67 761.94 774.79 794 848.69 848.44 963.75
144 395.56 467.03 628.4 542.2 670.28 733.73 812.9 769.28 877.58 929.38 1000.06
145 360.26 497.76 512.41 567.33 672.06 750.6 689.21 783.27 840.69 954.36 935.9
146 406.9 526.36 542.45 606.9 696.39 735.59 807.5 819.57 900.27 946.26 922.99
147 452.54 536.56 559.1 601.64 655.97 712 766.72 764.36 840.21 920.03 987.42
148 462.62 541.81 555.31 609.74 633.39 701.01 776.41 783.86 733.6 950.39 961.04
149 438.14 517.88 541.6 613.2 647.29 748.46 709.23 804.72 760.76 929.27 984.93
150 438.89 490.51 513.18 569.51 666.29 750.41 761.87 799.39 847.71 908.13 961.46
151 396.87 508.22 551.33 643.38 677 688.67 793.15 783.67 832.14 886.02 913
152 395.56 505.43 543.56 559.56 569.9 676.55 705.5 763.6 807.32 880.83 939.43
153 395.56 516.12 559.53 598.52 698.22 739.24 725.21 744.06 847.69 925.27 877.19
154 441.69 502.82 508.43 567.98 638.01 709.14 719.41 751.84 877.2 836.74 954.3
155 455.24 545.29 555.46 568.63 648.78 708.08 729.39 746.48 805.97 849.49 964.85
156 452.54 468.82 571.15 622.82 669.29 675.76 783.02 793.51 795.79 844.04 912.55
157 360.26 479.3 515.1 528.47 631.42 680.24 746.22 775.91 812.93 879.6 898.49
158 402.46 461.49 526.7 566.39 643.74 677.7 724.71 777.75 780.96 868.36 924.9
159 396.87 477.01 540.74 583.51 656.54 690.04 750.61 742.58 814.44 868.2 926.42
160 413.34 471.81 509.18 606.89 652.48 683.33 715.12 786.76 702.75 884.85 921.67
161 457.3 438.34 514.11 565.99 693.8 703.91 683.62 786.52 886.88 864.59 909.57
162 423.88 518.6 522.6 537.25 635.79 687.64 712.06 775.62 806.45 793.52 895.82
163 438.14 525.98 522.68 619.29 608.67 718.36 759.93 793.5 808.5 833.83 902.63
164 395.56 493.24 576.49 574.72 624.21 702.37 774.2 780.03 774.49 783.82 935.93
165 360.26 455.53 525.54 525.7 652.95 672.17 756.06 772.76 807.08 841.33 919.52
166 395.56 464.97 556.68 582.31 633.75 642.93 697.56 751.47 766.51 847.77 793.69
167 395.56 453.81 501.08 558.26 622.22 686.15 730.39 753.88 785.32 856.39 915.22
168 423.88 525.98 501.08 570.72 644.62 682.79 691.06 768.39 782.69 871.13 874.87
169 423.88 507.75 539.19 575.42 629.81 666.29 711.01 779.71 794.22 857.12 931.73
170 438.14 441.89 509.99 544.98 603.08 711.26 711.53 708.44 833.99 850.49 917.86
171 395.56 502.82 507.41 552.15 611.84 678.5 660.72 735.48 765.69 802.55 924.4
172 396.71 464.13 490.34 552.77 578.54 705.26 707.22 711.77 767.51 849.08 911.97
173 360.26 438.34 526.7 606.88 611.24 685.02 757.93 766.3 804.47 876.06 903.2
174 395.56 465.22 548.68 549.39 575.34 648.14 731.67 753.75 818.33 870.18 924.29
175 485.94 507.75 619.79 568.32 705.51 716.36 745.49 821.3 847.2 956.73 970.02
176 423.88 506.95 570.24 590.18 697.08 751.51 751.71 779.51 820.02 920.37 967.51
177 459.52 534.43 558.1 583.17 665.81 739.25 783.64 772.44 836.06 875.28 979.98
178 438.14 505.88 543.96 638.38 676.57 746.59 752.88 813 866.7 896.87 976.13
179 414.54 466.85 534.95 601.26 704.68 758.34 788.48 823.05 864.43 897.59 967.61
180 431.56 502.14 504.04 625.45 668.24 745.85 773.94 773.98 802.26 973.01 914.08
181 395.56 521.76 543.98 538.68 659.86 697.89 747.51 857.55 888.07 927.74 925.43
182 438.14 521.2 531.48 555.84 661.57 695.21 737.87 734.34 826.62 910.36 898.57
183 466.68 497.82 571.99 619.4 693.36 735.66 785.34 779.68 716.79 893.76 939.44
184 470.3 502.82 509.99 644.16 671.62 730.82 786.39 802.79 883.89 898.54 930.39
185 414.54 485.35 543.38 608.7 604.57 689.57 744.15 774.67 864.82 895.55 892.51
186 360.26 502.29 533.28 559.65 621.98 678.03 752.5 780.73 844.09 832.8 963.04
187 402.46 490.9 538.5 563.98 624.78 729.53 697.34 748.71 802.95 873.14 959.84
188 413.34 459.12 535.23 602.49 657.03 699.34 792.05 782 837.41 915.67 943.13
189 444.75 452.4 523.63 578.71 681.57 655.22 766.12 736.77 794.56 894.89 938.93
190 438.14 507.75 578.49 596.88 652.02 682.11 753 706.03 877.26 844.86 894.13
191 423.88 481.29 538.46 585.94 666.02 735.57 754.92 736.45 779.17 891.25 959.55
192 360.26 464.13 580.81 616.26 633.16 699.49 700.84 708.61 824.83 811.62 891.4
193 395.56 479.3 527.87 558.85 614.46 643.28 733.54 736.9 783 868.78 926.04
194 395.56 495.64 558.56 584.19 660.49 685.09 678.9 733.35 851.14 860.64 929.08
195 396.71 434.2 510.29 563.85 692.4 675.99 747.98 774.43 765.54 836.53 908.1
196 449.62 438.34 552.23 578.5 647.13 704.55 769.76 772.32 823.35 875.33 958.28
197 438.14 512.08 525.51 564.81 593.71 669.83 760.66 730.71 777.31 851.32 907.8
198 423.88 523.01 554.42 616.69 612.88 706.52 741.31 758.17 793.51 813.69 951.04
199 438.14 470.29 472.9 625.59 552.73 697.66 737.9 774.76 796.8 867.27 917.65
200 360.26 468.87 468.02 563.48 621.46 695.18 708.01 765.76 821.67 824.78 928.23
201 396.87 483.24 469.52 531.61 623.38 676.92 724.58 745.47 827.55 828.64 942.13
202 396.71 452.4 501.57 557.66 628.82 655.12 681.93 762.68 814.79 837.15 863.6
203 423.88 453.81 503.74 541.15 669.65 645.72 737.41 723.24 798.68 817.46 892.96
204 423.88 502.82 469.52 580.62 589.7 690.65 688.9 793.21 835.52 835.41 915.83
205 438.14 518.27 487.22 585.23 643.6 687.8 684.33 734.23 758.34 811.81 886.52
206 360.26 441.89 502.2 557.49 624.72 676.47 745.53 715.84 786.77 813.01 795.98
207 360.26 470.47 493.92 554.76 625.98 624.1 719.28 758.11 794.16 862.4 850.38
208 360.26 452.4 523.44 534.43 604.24 642.6 695.39 725.47 762.07 860.3 896.23
209 395.56 464.13 498.48 510.16 667.88 654.09 680.35 746.62 803.37 805.96 915.27
210 441.69 497.76 552.15 563.75 675.49 708.54 778.38 795.81 804.3 905.43 990.42
211 470.3 484.42 547.11 556.85 651.2 679.62 734.78 739.12 815.68 883.04 957.86
212 466.68 455.53 547.41 603.04 664.66 727.24 789.42 772.49 864.38 907.06 950.1
213 412.52 498.79 519.37 662.68 674.81 735.31 750.07 792.04 892.33 858.31 992.99
214 406.9 492.14 537.52 586.58 616.72 720.18 743.53 793.25 853.15 874.7 929.68
215 445.25 483.24 534.89 613.99 634.77 716.64 790.21 813.53 815.53 862.32 984.88
216 430.14 477.01 524.96 559.56 701.09 736.04 773.36 843.36 874.43 886.77 936.92
217 494.65 438.34 537.69 609.47 679.81 692.45 740.66 777.07 856.8 907.8 971.76
218 449.62 492.21 570.77 595.79 622.87 688.91 748.09 789.63 875.95 817.63 904.61
219 423.88 536.04 490.72 623.76 681.57 720.84 760 790.06 849.84 900.26 820.7
220 360.26 509.01 530.85 590.97 613.53 693.5 785.34 803.82 845.79 870.51 928.79
221 360.26 459.12 568.87 589.99 637.53 650.14 772.76 793.9 842.79 859.09 993.21
222 424.6 476.88 593.42 612.42 674.81 678.87 791.55 785.06 833.59 875.8 956.79
223 396.87 455.53 557.89 586.29 611.61 722.86 723.57 828.2 837 875.25 894.11
224 438.14 500.12 540.5 591.57 631.28 672.65 740.01 786.88 844.97 868.47 907.65
225 423.88 497.84 535.02 627.2 673.44 699.02 725.84 791.58 821.32 838.05 967.2
226 457.3 495.05 581.08 546 636.45 751.46 732.05 748.47 791.15 850.76 959.67
227 396.87 485 577.42 591.6 605.52 708.76 711.31 791.72 791.78 855.98 925.17
228 402.46 455.53 524.22 584.13 639 667.58 739.67 766.9 795.08 877.66 912.45
229 396.87 463.34 492.54 580.54 647.67 685.03 732.51 777.2 782.94 881.71 881.27
230 395.56 501.74 531.14 583.63 657.3 703.26 736.66 780.6 807.25 885.71 923.8
231 438.14 461.49 567.61 586.94 647.16 687.93 689.22 783.05 789.38 832.88 915.57
232 423.88 500.12 538.31 563.52 587.81 677.31 724.62 736.29 751.76 870.63 893.84
233 423.88 495.95 507.41 513.31 623.31 678.21 736.78 738.73 781.62 859.19 919.12
234 360.26 468.07 509.96 581.3 589.2 630.94 716.47 720.74 776.84 817.46 864.3
235 360.26 470.29 538.46 581.41 594.62 645.04 713.58 751.11 810.48 833.51 918.69
236 360.26 452.4 509.62 601.27 611.98 667.95 700.43 761.01 820.92 821.01 801.95
237 395.56 485 519.17 613.29 612.89 646.28 697.82 761.61 765.61 857.55 894.02
238 423.88 461.49 517.69 560.33 635.85 699.17 746.77 697.13 813.94 839.07 896.01
239 423.88 453.81 496.32 553.61 614.32 645.51 737.72 727.11 779.24 812.33 870.61
240 423.88 465.22 491.35 519.71 595.3 686.44 735.65 740.24 787.58 777.19 915.59
241 360.26 438.34 457.7 602.04 607.22 664.22 703.86 751.64 775.27 839.08 919.96
242 360.26 441.89 498.62 515.22 631.55 661.96 710.93 708.14 775.51 792.86 881.07
243 360.26 464.13 458.84 545.27 625.7 664.85 725.53 725.98 764.44 836.71 918.73
244 360.26 434.2 533.88 556.4 598.43 653.11 716.49 746.39 806.93 812.38 901.95
245 481.16 554.18 517.82 614.11 697.87 672.28 758.45 759.56 888.94 890.17 1004.56
246 485.95 523.01 578.92 595.44 694 703.67 758.41 840.34 843.98 879.61 1003.81
247 482.7 494.58 560.81 589.73 668.51 746.11 753.71 812.19 857.12 849.97 965.18
248 432.07 558.97 559.71 625.36 579.88 748.19 717.8 817.86 847.2 807.39 972.96
249 412.52 496.18 572.27 593.63 666.07 661.53 777.94 770.24 838.4 891.23 920.46
250 432.07 489.12 523.63 608.99 686.85 733.62 748.93 812.41 829.2 886.73 956.24
251 429.58 499.5 554.56 621.22 698.44 739.51 690.36 752.05 859.75 941.27 899.98
252 438.14 542.69 534.89 531.8 669.56 679.81 732.38 766.08 836.69 905.84 988.45
253 438.14 479.19 535.63 547.54 654 717.98 775.08 786.34 850.37 903.02 966.18
254 455.97 452.4 527.81 640.02 622.06 695.97 705.97 750.58 846.21 903.74 905.03
255 395.56 485.35 578.49 575.94 656.68 746.42 761.44 785.19 831.92 853.89 933.33
256 406.9 495.05 518.84 593.7 652.95 699.24 755.64 739.39 813.96 860.04 929.52
257 406.9 438.34 529.11 582.46 660.68 716.09 748.93 711.91 809.11 799.92 946.94
258 395.56 472.06 510.78 619.82 679.79 658.67 724.39 719.01 810.36 872.72 903.41
259 452.54 461.49 500.01 538 685.16 703.34 730.27 741.02 840.61 842.63 915.26
260 449.62 493.24 519.17 576.4 610.72 679.18 723.64 745.48 785.86 858.24 878.46
261 452.54 502.82 516.03 637.84 657.98 718.56 700.02 745.66 798.53 876.33 899.49
262 402.46 495.37 503.24 610.44 653.4 726.14 770.92 781.83 799.17 811.18 894.09
263 402.46 484.42 513.18 552.59 627.54 731.41 717.7 800.71 788.95 821.27 969.41
264 396.71 452.4 525.87 519.21 612.81 674.46 716.62 778.45 835.53 849.73 911.94
265 396.71 464.13 511.76 598.47 645.89 712.96 772.22 702.62 791.23 828.86 918.22
266 457.3 510.2 500.01 536.66 691.56 688.42 733.34 733.21 821.72 864.15 909.89
267 441.69 505.2 511.01 593.15 627.02 661.49 735.45 730.03 789.09 839.54 904.41
268 438.14 521.2 534.9 601.69 627.83 713.93 753.7 731.72 817.75 855.29 878.84
269 360.26 470.29 558.18 571.52 598 697.63 701.76 724.03 773.19 842.25 873.08
270 396.71 465.22 513.68 580.21 612.27 696.24 702.09 761.19 734.18 884.92 976.32
271 360.26 475.65 484.51 519.29 616.09 668.05 718.62 707.26 805.84 845.32 881.03
272 360.26 441.58 511.76 548.23 601.93 689.69 703.22 756.61 760.77 864.32 913.46
273 449.62 452.4 510.8 544.16 619.41 616.77 674.37 721.23 843.79 815.76 895.1
274 423.88 497.82 490.48 559.65 595.53 654.29 719.88 749.46 807.16 798.7 908.62
275 457.3 469.11 500.01 519.21 571.97 664.88 732.61 642.95 783.35 848.4 916.3
276 395.56 441.89 485.72 551.77 615.48 647.82 704.9 751.02 766.59 831.97 869.56
277 360.26 441.58 498.62 540.96 557.75 692.58 711.79 759.83 778.51 853.08 876.84
278 395.56 441.89 501.4 526.21 620.18 670.49 676.73 728.94 726.33 844.72 870.38
279 360.26 441.89 468.02 574.12 632.93 681.94 707.07 744.42 778.11 855.04 906.05
280 438.14 505.81 551.41 583.95 685.91 686.18 720.97 801.11 839.57 873.78 1002.23
281 460.49 517.33 554.87 595.02 664.44 732.64 753.04 748.98 869.21 854.82 883.02
282 449.62 528.18 519.17 590.73 679.29 765.28 706.26 795.24 847.68 923.37 979.7
283 416.92 461.49 596.15 614.88 648.39 681.19 773.13 811.57 779.27 883.27 969.1
284 402.46 485.35 559.48 533.99 637.06 722.52 772.68 803.6 787.06 864.05 868.63
285 429.58 477.01 549.63 620.78 659.59 704.77 749.66 821.31 795.03 926.19 953.12
286 414.32 464.13 535.63 595.06 608.76 696.64 751.61 762.99 840.51 855.52 942.61
287 457.3 441.89 510.9 594.82 662.08 685.48 747.46 760.35 825.11 848.63 975.28
288 438.14 500.12 534.8 602.1 643.34 676.5 758.7 797.67 802.74 860.87 951.26
289 438.14 494.97 531.48 579.98 674.79 697.24 731.8 793.57 815.09 868.37 924.2
290 413.34 486.91 515.53 581.74 648.54 677.08 656.34 772.87 818.33 898.48 974.91
291 406.9 455.53 507.41 546.64 629.95 709.81 745.01 789.02 849.01 911.77 955.74
292 395.56 485.83 577.3 583.94 605.87 677.29 768.96 736.95 821.75 861.17 943.01
293 360.26 501.83 519.83 596.79 663.6 737.94 750.09 803.31 754.04 878.01 901.85
294 444.75 517.33 550.72 571.02 704.88 693.52 751.01 750.39 834.55 846.01 946.28
295 444.75 465.22 552.79 550.96 621.76 675.32 738.59 755.7 828.96 871.46 939.13
296 423.88 441.89 474.19 564 617.78 705.81 714.43 731.41 793.29 830.96 923.33
297 395.56 491.5 507.41 552.37 647.36 725.67 755.58 754.88 798.15 865.91 941.27
298 360.26 438.34 526.28 546.15 609.12 662.52 751.39 764 799.42 858.51 898.41
299 360.26 468.82 531.66 563.75 603.97 668.8 698.67 722.71 779.83 858.98 904.88
300 395.56 485 506.85 550.05 650.27 714.44 711.33 771.94 801.21 753.49 909.11
301 423.88 515.45 457.7 563.32 669.31 651.51 750.28 754.21 846.14 865.49 934.07
302 457.3 518.6 512.01 558.82 668.53 666.46 699.73 764.53 794.15 817.04 864.48
303 457.3 472.06 469.52 490.7 571.13 711.23 699.94 764.78 828.47 865.05 932.79
304 423.88 464.13 516.08 580.53 616.87 715.63 728.02 695.51 771.91 849.52 881.27
305 395.56 492.21 490.34 552.34 609.42 682.56 738.25 741.8 804.73 769.42 911.59
306 360.26 479.46 507.78 542.59 609.94 655.91 727.71 723.68 843.94 860.98 932.16
307 396.71 434.2 506.33 551.83 579.69 667.68 711.38 746.62 751.94 873.44 893.07
308 423.88 497.82 501.79 523.99 644.69 653.91 700.18 714.96 833.64 858.94 887.44
309 423.88 468.07 503.74 522.4 570.05 670.79 712.54 760.34 776.26 797.45 895.18
310 438.14 497.82 492.56 602.88 610.04 673.46 693 742.85 814.52 817.44 871.04
311 360.26 455.53 504.04 534.4 592.79 651.34 720.53 754.63 791.51 843.67 909.12
312 360.26 449.67 551.17 511.69 560.15 648.96 714.41 755.38 753.26 844.28 866.42
313 360.26 465.22 492.56 508.69 621.98 696.05 718.91 716.95 797.01 838.14 854.19
314 395.56 443.14 503.75 534.87 575.61 592.68 693.9 706.66 774.82 820.91 879.88
